delay: 10
location:
  world: world
  x: -41.47373320050465
  y: 67.0
  z: 15.448277969687538
  yaw: -195.59651
  pitch: 2.0999882